x0 = -3.000000
x1 = -1.000000
x2 = 2.000000
x3 = 7.000000
